Predictions for positions [26]
Shape: torch.Size([19, 28])

Sample 0: [-100.0, -100.0, -100.0, -100.0, -1.5027903318405151, -100.0, -0.5624740123748779, -100.0, -1.472442388534546, -100.0, -2.4648141860961914, -100.0, -0.5896347165107727, -100.0, -1.2373130321502686, -100.0, -1.659946322441101, -100.0, -0.2572251260280609, -100.0, -1.2852513790130615, -100.0, -1.0961558818817139, -100.0, -1.4131546020507812, -100.0, -1.5475807189941406, -100.0]
Sample 1: [-100.0, -100.0, -100.0, -100.0, -1.47506844997406, -100.0, -0.5624740123748779, -100.0, -1.5067917108535767, -100.0, -2.131362199783325, -100.0, -0.5896347165107727, -100.0, -1.1497849225997925, -100.0, -0.8568304777145386, -100.0, -0.7615851163864136, -100.0, -0.5725986957550049, -100.0, -0.4491399824619293, -100.0, -1.0820128917694092, -100.0, -1.604001522064209, -100.0]
Sample 2: [-100.0, -100.0, -100.0, -100.0, -1.3364588022232056, -100.0, -0.5624740123748779, -100.0, 0.6228682994842529, -100.0, -1.5756090879440308, -100.0, -0.5896347165107727, -100.0, 1.4592281579971313, -100.0, -0.40289539098739624, -100.0, -1.1552319526672363, -100.0, -0.07050246000289917, -100.0, -0.004924136213958263, -100.0, -1.0199239253997803, -100.0, -1.1755458116531372, -100.0]
Sample 3: [-100.0, -100.0, -100.0, -100.0, -1.197849154472351, -100.0, -0.5624740123748779, -100.0, -1.0945994853973389, -100.0, -0.5752533078193665, -100.0, -0.5896347165107727, -100.0, -0.877100944519043, -100.0, 0.6330077052116394, -100.0, -0.3576870560646057, -100.0, 1.0114339590072632, -100.0, 0.9191528558731079, -100.0, -0.5646041631698608, -100.0, -0.46763190627098083, -100.0]
Sample 4: [-100.0, -100.0, -100.0, -100.0, -1.0869615077972412, -100.0, -0.5624740123748779, -100.0, -1.1289488077163696, -100.0, -0.16770096123218536, -100.0, -0.5896347165107727, -100.0, -0.9848279356956482, -100.0, 0.6795651912689209, -100.0, -0.08295437693595886, -100.0, 0.966083288192749, -100.0, 0.8813472390174866, -100.0, -0.5232114791870117, -100.0, -0.899979293346405, -100.0]
Sample 5: [-100.0, -100.0, -100.0, -100.0, 1.7545353174209595, -100.0, 1.9924663305282593, -100.0, 0.03892926871776581, -100.0, -0.09360053390264511, -100.0, 2.0106582641601562, -100.0, 0.14630545675754547, -100.0, -0.5658464431762695, -100.0, 0.2163812518119812, -100.0, -0.5725986957550049, -100.0, -0.4491399824619293, -100.0, 0.9048367142677307, -100.0, -0.14999482035636902, -100.0]
Sample 6: [-100.0, -100.0, -100.0, -100.0, -0.39391350746154785, -100.0, -0.5624740123748779, -100.0, -0.06411879509687424, -100.0, 0.0546003133058548, -100.0, -0.5896347165107727, -100.0, 0.35839298367500305, -100.0, -0.9150272607803345, -100.0, 0.5546715259552002, -100.0, -1.1718748807907104, -100.0, -0.9919204711914062, -100.0, -0.27485525608062744, -100.0, 0.630099356174469, -100.0]
Sample 7: [-100.0, -100.0, -100.0, -100.0, -0.6018279194831848, -100.0, -0.5624740123748779, -100.0, 0.3824228346347809, -100.0, -0.019500112161040306, -100.0, -0.5896347165107727, -100.0, 0.5738469362258911, -100.0, -0.11191137135028839, -100.0, 0.5116164088249207, -100.0, -0.4268288314342499, -100.0, -0.3192507326602936, -100.0, -0.35764068365097046, -100.0, -0.5242160558700562, -100.0]
Sample 8: [-100.0, -100.0, -100.0, -100.0, -1.0592396259307861, -100.0, -0.5624740123748779, -100.0, 0.1763266921043396, -100.0, -1.1680567264556885, -100.0, -0.5896347165107727, -100.0, 0.7960338592529297, -100.0, -1.1478145122528076, -100.0, -0.5729627013206482, -100.0, -1.0941308736801147, -100.0, -0.9206298589706421, -100.0, -1.2889764308929443, -100.0, 0.7049131393432617, -100.0]
Sample 9: [-100.0, -100.0, -100.0, -100.0, -1.2117100954055786, -100.0, -0.5624740123748779, -100.0, 0.07327862828969955, -100.0, -1.1680567264556885, -100.0, -0.5896347165107727, -100.0, 0.7287045121192932, -100.0, -0.6007645130157471, -100.0, -0.806690514087677, -100.0, -0.553162693977356, -100.0, -0.4315873980522156, -100.0, -1.0199239253997803, -100.0, -0.5790355205535889, -100.0]
Sample 10: [-100.0, -100.0, -100.0, -100.0, -0.7127155661582947, -100.0, -0.5624740123748779, -100.0, -0.476311057806015, -100.0, 0.38805222511291504, -100.0, -0.5896347165107727, -100.0, -0.42262768745422363, -100.0, 1.0054672956466675, -100.0, -0.39459145069122314, -100.0, 1.1928364038467407, -100.0, 1.0698351860046387, -100.0, -0.2541589140892029, -100.0, -0.48893848061561584, -100.0]
Sample 11: [-100.0, -100.0, -100.0, -100.0, -0.6849936842918396, -100.0, -0.5624740123748779, -100.0, -1.2663462162017822, -100.0, 0.4621526598930359, -100.0, -0.5896347165107727, -100.0, -0.8030385971069336, -100.0, 1.2731726169586182, -100.0, 0.0031558729242533445, -100.0, 1.4681795835494995, -100.0, 1.2958587408065796, -100.0, -0.27485525608062744, -100.0, 0.005194421857595444, -100.0]
Sample 12: [-100.0, -100.0, -100.0, -100.0, -0.7681594491004944, -100.0, -0.5624740123748779, -100.0, -1.5067917108535767, -100.0, -0.3529520332813263, -100.0, -0.5896347165107727, -100.0, -1.129586100578308, -100.0, 0.1557939350605011, -100.0, 0.04006026312708855, -100.0, 0.04287410527467728, -100.0, 0.09418055415153503, -100.0, -0.7094786167144775, -100.0, -1.0459550619125366, -100.0]
Sample 13: [-100.0, -100.0, -100.0, -100.0, 0.06349818408489227, -100.0, -0.5624740123748779, -100.0, 1.1381086111068726, -100.0, 1.2402070760726929, -100.0, -0.4803404211997986, -100.0, 0.6479092240333557, -100.0, 1.0287460088729858, -100.0, 0.11181880533695221, -100.0, 0.5935602784156799, -100.0, 0.5675607323646545, -100.0, 0.4288206398487091, -100.0, 1.3326541185379028, -100.0]
Sample 14: [-100.0, -100.0, -100.0, -100.0, 0.21596874296665192, -100.0, 0.4130486845970154, -100.0, 1.6876983642578125, -100.0, -0.6493537425994873, -100.0, 0.07068488001823425, -100.0, 1.7083468437194824, -100.0, -1.0663390159606934, -100.0, 0.16717539727687836, -100.0, -0.750761866569519, -100.0, -0.6090036630630493, -100.0, 0.18046443164348602, -100.0, 0.6683242917060852, -100.0]
Sample 15: [-100.0, -100.0, -100.0, -100.0, 0.9228777289390564, -100.0, 1.2027575969696045, -100.0, 1.378554105758667, -100.0, -0.3900022506713867, -100.0, 0.6991269588470459, -100.0, 1.3784328699111938, -100.0, -1.0546996593475342, -100.0, 0.6428319811820984, -100.0, -0.9127283692359924, -100.0, -0.7556354403495789, -100.0, 0.6150878071784973, -100.0, 1.0674527883529663, -100.0]
Sample 16: [-100.0, -100.0, -100.0, -100.0, 1.1030701398849487, -100.0, 1.3885713815689087, -100.0, 1.378554105758667, -100.0, -0.42705243825912476, -100.0, 0.9632548093795776, -100.0, 1.307737112045288, -100.0, -0.5774857997894287, -100.0, 0.2225319743156433, -100.0, -0.8317451477050781, -100.0, -0.6821845173835754, -100.0, 0.5323023796081543, -100.0, 0.7430862188339233, -100.0]
Sample 17: [-100.0, -100.0, -100.0, -100.0, 1.893144965171814, -100.0, 1.7137455940246582, -100.0, 0.7602657079696655, -100.0, 0.0546003133058548, -100.0, 2.165491819381714, -100.0, 0.4189893901348114, -100.0, -1.3456835746765137, -100.0, 3.0375170707702637, -100.0, -1.6901676654815674, -100.0, -1.472591757774353, -100.0, 1.7740833759307861, -100.0, 0.7239984273910522, -100.0]
Sample 18: [-100.0, -100.0, -100.0, -100.0, 0.4654660224914551, -100.0, -0.5624740123748779, -100.0, 1.1037592887878418, -100.0, 1.5366088151931763, -100.0, -0.26175186038017273, -100.0, 0.7623691558837891, -100.0, 1.2382545471191406, -100.0, 0.868358850479126, -100.0, 0.7393301725387573, -100.0, 0.6909690499305725, -100.0, 1.2152819633483887, -100.0, 1.2533751726150513, -100.0]
